3 0.7036659877800407 0.12321792260692463 0.034623217922606954 0.05091649694501019
3 0.14562118126272913 0.15478615071283094 0.046843177189409356 0.06109979633401222
3 0.4989816700610998 0.6741344195519349 0.08961303462321794 0.19959266802443992
0 0.9256619144602851 0.445010183299389 0.14867617107942976 0.10386965376782072
0 0.8808553971486762 0.16802443991853364 0.2382892057026477 0.042769857433808574
0 0.30142566191446024 0.12932790224032586 0.065173116089613 0.05906313645621181
0 0.09979633401221996 0.3737270875763747 0.19959266802443992 0.05091649694501022
2 0.9327902240325866 0.4063136456211812 0.13441955193482685 0.05906313645621182
2 0.7841140529531568 0.14663951120162935 0.07739307535641543 0.052953156822810585
2 0.21181262729124234 0.14765784114052952 0.20366598778004075 0.06313645621181264
2 0.1079429735234216 0.4124236252545825 0.2158859470468432 0.11608961303462323
