3 0.20061099796334012 0.03360488798370673 0.03869653767820776 0.054989816700611004
3 0.5417515274949083 0.013238289205702651 0.02851323828920576 0.026476578411405303
1 0.3574338085539716 0.4959266802443993 0.09979633401221992 0.17718940936863542
1 0.7454175152749491 0.08044806517311608 0.05295315682281057 0.10386965376782076
2 0.5845213849287169 0.0560081466395112 0.2769857433808555 0.1120162932790224
2 0.045824847250509164 0.0570264765784114 0.038696537678207736 0.024439918533604894
2 0.18126272912423624 0.7393075356415478 0.22403258655804478 0.5213849287169043
0 0.7138492871690428 0.06822810590631366 0.5193482688391039 0.1038696537678208
0 0.16598778004073317 0.03258655804480652 0.030549898167006085 0.04887983706720978
0 0.03156822810590631 0.54989816700611 0.06313645621181262 0.15885947046843177
