2 0.8289205702647657 0.29531568228105903 0.3421588594704684 0.024439918533604867
2 0.3890020366598778 0.1466395112016292 0.02036659877800405 0.02851323828920572
2 0.04073319755600815 0.54989816700611 0.0814663951120163 0.15478615071283094
0 0.4928716904276986 0.15784114052953158 0.07739307535641551 0.038696537678207715
0 0.8217922606924644 0.3309572301425662 0.3523421588594704 0.0672097759674135
0 0.035641547861507125 0.4959266802443992 0.07128309572301425 0.06720977596741334
3 0.8279022403258657 0.22199592668024437 0.05091649694501015 0.07739307535641547
3 0.2973523421588595 0.1384928716904277 0.03665987780040734 0.040733197556008134
3 0.16496945010183303 0.6517311608961305 0.13034623217922614 0.23625254582484734
1 0.9765784114052954 0.3788187372708758 0.04684317718940908 0.13849287169042768
1 0.5468431771894093 0.1608961303462322 0.03054989816700612 0.052953156822810606
