3 0.3930753564154786 0.10488798370672096 0.032586558044806535 0.05091649694501018
3 0.8044806517311608 0.3686354378818737 0.04480651731160904 0.07331975560081468
3 0.020366598778004074 0.9226069246435845 0.04073319755600815 0.10183299389002047
1 0.6975560081466397 0.7881873727087577 0.07128309572301433 0.10590631364562128
1 0.615071283095723 0.14358452138492872 0.0285132382892057 0.05906313645621182
0 0.5468431771894093 0.1344195519348269 0.21384928716904278 0.16293279022403262
2 0.4694501018329939 0.12016293279022404 0.0835030549898167 0.17515274949083504
2 0.7739307535641547 0.5091649694501018 0.4521384928716904 0.08553971486761704
2 0.03054989816700611 0.7331975560081466 0.06109979633401222 0.10997963340122198
2 0.03665987780040733 0.31160896130346233 0.06924643584521384 0.020366598778004067
0 0.04175152749490835 0.2545824847250509 0.0835030549898167 0.07739307535641547
0 0.7678207739307535 0.6547861507128309 0.4602851323828921 0.3279022403258655
0 0.028513238289205708 0.6924643584521385 0.057026476578411416 0.0570264765784114
